14
9
16.00 28.00 8.50 13.29 12.83 7.33 13.67 5.38 3.75 
7.00 15.83 0.40 6.25 11.50 1.89 73.00 0.25 16.00 
2.67 9.50 7.00 3.33 11.50 16.00 5.75 7.43 14.75 
5.30 6.14 1.00 47.50 7.50 20.67 5.67 2.00 72.00 
73.00 0.38 28.00 7.33 1.00 9.38 0.14 6.00 8.33 
54.00 4.00 22.67 0.78 8.71 11.80 67.00 7.22 1.00 
0.50 5.80 21.50 5.60 1.22 18.00 9.40 1.00 20.00 
6.38 30.33 94.00 23.50 16.00 20.25 12.80 79.00 24.25 
13.25 22.67 9.33 9.90 1.00 15.67 4.14 32.00 10.00 
9.00 7.40 7.67 9.50 0.50 0.50 5.86 75.00 8.88 
69.00 19.50 5.00 17.20 10.25 25.00 11.88 16.67 52.00 
4.00 7.71 7.62 19.33 16.50 1.62 46.50 9.00 1.00 
15.00 5.12 8.57 6.67 32.50 11.00 12.00 8.71 49.00 
3.38 18.25 15.50 16.80 4.75 22.33 14.00 6.50 20.25 
