14
10
2.86 10.22 2.20 26.00 11.20 10.00 54.00 1.00 6.00 1.50 
4.29 2.50 16.17 2.00 9.67 10.86 14.00 7.44 10.88 0.75 
21.00 10.43 7.40 24.67 24.00 11.20 3.50 15.00 19.75 9.57 
22.00 23.00 4.50 1.71 9.83 13.33 13.40 49.50 24.00 9.56 
18.00 8.00 13.20 17.00 14.50 15.00 5.60 5.75 10.86 5.67 
7.33 3.80 9.89 20.75 1.50 0.38 1.50 4.29 6.00 36.00 
41.00 5.00 1.80 9.60 59.00 15.00 0.60 6.00 10.00 10.00 
6.50 5.71 6.78 33.00 2.43 5.00 2.22 1.57 1.22 3.67 
18.20 6.50 6.80 18.80 11.00 6.70 0.86 12.25 9.00 11.83 
16.67 5.11 10.50 2.00 33.00 1.56 0.75 0.89 92.00 13.83 
37.50 42.50 2.67 8.17 9.70 10.12 15.83 6.70 5.67 76.00 
17.00 3.67 6.44 1.30 8.88 12.83 24.50 9.62 12.00 46.50 
24.25 13.33 6.38 12.00 3.89 13.00 40.00 11.00 1.90 49.00 
17.80 9.67 17.60 32.00 4.40 13.00 9.29 5.67 3.25 0.30 
