9
12
23.00 16.67 25.33 1.25 10.56 2.50 39.00 2.00 18.60 5.62 14.14 22.00 
3.00 25.00 94.00 4.67 2.40 43.00 11.00 8.67 8.20 4.60 70.00 16.25 
7.44 18.40 15.40 29.00 2.25 8.80 18.67 10.22 13.50 13.50 4.22 10.67 
60.00 39.00 8.80 47.50 7.88 79.00 0.29 17.00 11.43 13.60 5.67 13.00 
7.50 16.00 8.00 14.29 1.90 11.75 14.67 9.50 5.00 16.33 11.00 22.50 
2.50 44.00 15.00 1.78 0.22 5.78 25.67 9.38 15.00 6.10 8.25 19.60 
11.62 6.00 19.75 6.80 12.71 17.00 1.22 40.50 17.25 12.00 10.88 93.00 
23.67 8.75 13.29 6.80 5.33 24.75 14.67 12.14 12.17 7.80 3.00 24.75 
5.50 6.33 6.67 2.30 13.60 7.70 31.50 4.89 5.00 36.00 1.33 6.67 
